                  Annual mean Land-Ocean Temperature Index in 0.01 degrees Celsius
                                      selected zonal means
                                      --------------------
                    sources:  GHCN-v4 1880-05/2023 + SST: ERSST v5 1880-05/2023
                    using elimination of outliers and homogeneity adjustment
                         Note: ***** = missing - base period: 1951-1980

                           24N   24S   90S     64N   44N   24N   EQU   24S   44S   64S   90S
Year  Glob  NHem  SHem    -90N  -24N  -24S    -90N  -64N  -44N  -24N  -EQU  -24S  -44S  -64S Year
1880   -17   -30    -5     -39   -13    -1     -82   -50   -30   -15   -11    -4     5    66 1880
1881    -9   -19     0     -37    10    -7     -92   -47   -23    10    10    -5    -7    59 1881
1882   -11   -22    -1     -33    -5     1    -141   -28   -18    -5    -5     1     4    62 1882
1883   -18   -30    -7     -37   -17    -1     -19   -57   -29   -18   -16    -4     7    49 1883
1884   -29   -44   -15     -62   -15   -14    -131   -65   -49   -12   -17   -19    -2    64 1884
1885   -34   -44   -24     -67   -13   -27    -151   -69   -48    -6   -20   -33   -15    81 1885
1886   -32   -44   -20     -58   -20   -21    -159   -51   -43   -21   -18   -20   -20    58 1886
1887   -37   -45   -29     -54   -30   -28    -177   -51   -32   -29   -31   -27   -26    31 1887
1888   -17   -24   -12     -43    10   -29    -131   -43   -27     7    13   -31   -22    15 1888
1889   -11   -18    -4     -30     8   -16     -69   -23   -29     2    14   -15   -15    44 1889
1890   -35   -39   -32     -47   -36   -22    -115   -57   -28   -26   -47   -17   -27    14 1890
1891   -22   -26   -19     -43    -7   -21    -113   -33   -38     1   -16   -18   -23   -16 1891
1892   -27   -40   -15     -44   -29    -8    -116   -65   -18   -32   -26     3   -21     8 1892
1893   -32   -48   -15     -52   -37    -5     -70   -54   -48   -42   -32     7   -20    -5 1893
1894   -31   -39   -23     -33   -36   -24     -96   -32   -20   -49   -23   -14   -35   -38 1894
1895   -23   -31   -16     -41    -9   -26     -70   -53   -28   -14    -3   -19   -32   -59 1895
1896   -11   -19    -3     -36    10   -15     -90   -38   -23     6    14   -15   -13    25 1896
1897   -11   -16    -5     -36    18   -23     -57   -47   -25    15    20   -19   -27    40 1897
1898   -27   -29   -26     -36   -21   -26    -116   -25   -24   -17   -26   -27   -21    37 1898
1899   -18   -21   -15     -25   -12   -18    -103   -11   -16   -15    -9   -15   -22    57 1899
1900    -8    -9    -6     -21    18   -30     -54   -17   -16    10    25   -28   -29    26 1900

                           24N   24S   90S     64N   44N   24N   EQU   24S   44S   64S   90S
Year  Glob  NHem  SHem    -90N  -24N  -24S    -90N  -64N  -44N  -24N  -EQU  -24S  -44S  -64S Year
1901   -16   -12   -18     -17    -4   -30     -41   -11   -15    -5    -2   -27   -33    25 1901
1902   -28   -33   -22     -53    -3   -35    -139   -51   -33    -1    -6   -28   -43    -5 1902
1903   -37   -38   -36     -47   -28   -38     -27   -43   -56   -22   -33   -35   -40   -50 1903
1904   -47   -48   -46     -51   -46   -44     -17   -60   -56   -43   -51   -37   -49  -133 1904
1905   -26   -29   -23     -41    -8   -36      -3   -24   -63   -10    -6   -32   -37   -34 1905
1906   -22   -23   -21     -26   -19   -23     -26    -7   -40   -20   -19   -20   -22   -72 1906
1907   -39   -47   -30     -59   -30   -29     -56   -73   -52   -29   -32   -21   -36  -121 1907
1908   -42   -45   -40     -48   -43   -36     -21   -55   -52   -40   -46   -29   -48    67 1908
1909   -48   -49   -48     -53   -47   -44     -72   -62   -44   -43   -53   -37   -52   -58 1909
1910   -43   -43   -43     -42   -48   -38     -56   -24   -50   -46   -50   -33   -45    15 1910
1911   -45   -42   -47     -42   -44   -48     -27   -42   -48   -42   -46   -44   -52     4 1911
1912   -37   -46   -26     -60   -20   -37     -50   -79   -51   -27   -12   -36   -29  -164 1912
1913   -34   -42   -26     -44   -27   -35     -47   -33   -52   -37   -15   -28   -40  -105 1913
1914   -15   -19   -11     -25    -6   -18     -33   -16   -29    -9    -2   -15   -18   -37 1914
1915   -14   -14   -13     -24    -1   -22     -59   -17   -20     0    -2   -15   -23  -199 1915
1916   -36   -42   -31     -37   -44   -23     -47   -54   -25   -48   -41   -23   -17  -106 1916
1917   -46   -57   -36     -51   -63   -19     -81   -50   -45   -67   -59   -23    -9     5 1917
1918   -30   -39   -20     -41   -33   -14    -100   -27   -36   -37   -29    -6   -22   -29 1918
1919   -28   -35   -20     -44   -20   -22     -69   -56   -31   -22   -17   -14   -32    19 1919
1920   -27   -30   -24     -26   -25   -32      -1   -21   -36   -36   -13   -19   -48  -115 1920

                           24N   24S   90S     64N   44N   24N   EQU   24S   44S   64S   90S
Year  Glob  NHem  SHem    -90N  -24N  -24S    -90N  -64N  -44N  -24N  -EQU  -24S  -44S  -64S Year
1921   -19   -11   -27       1   -25   -31      -1    17   -10   -28   -21   -23   -38   -85 1921
1922   -28   -28   -29     -25   -31   -27     -32   -41   -15   -31   -31   -24   -28   -29 1922
1923   -26   -22   -31     -16   -29   -34      16   -15   -27   -31   -27   -26   -41   -55 1923
1924   -27   -18   -35     -14   -25   -43      45   -25   -24   -25   -25   -39   -45   -54 1924
1925   -22   -14   -30      -5   -23   -37     -10    18   -19   -26   -20   -24   -54   -87 1925
1926   -11     1   -22       2     2   -40      55    15   -23     1     2   -35   -45   -64 1926
1927   -22   -13   -29     -14   -15   -38       1   -22   -13   -13   -18   -30   -45  -139 1927
1928   -20   -10   -29      -7   -14   -39      70   -18   -23   -13   -16   -28   -48  -213 1928
1929   -36   -33   -38     -38   -27   -45      13   -62   -39   -26   -28   -43   -44  -109 1929
1930   -16    -1   -29       4   -10   -42      52     4   -11    -8   -12   -33   -46  -260 1930
1931    -9     5   -21       0     9   -43      55    -4   -14    12     6   -42   -40   -42 1931
1932   -16    -5   -25       3   -15   -35      48    19   -21   -18   -13   -21   -53  -100 1932
1933   -28   -25   -32     -24   -27   -34     -17   -47   -13   -27   -28   -22   -48  -116 1933
1934   -12     0   -25      17   -24   -26      88    31   -13   -24   -24   -15   -38   -58 1934
1935   -20    -9   -30      -4   -17   -38      34    -4   -16   -15   -20   -30   -41  -172 1935
1936   -14    -3   -26      -3   -12   -30      39    11   -25    -4   -20   -26   -32    -4 1936
1937    -3    12   -17      20    -5   -22     124     3    -3     1   -11   -19   -25    35 1937
1938     0    16   -18      39   -22   -10     150    39     3   -17   -27    -6   -11   -87 1938
1939    -2     9   -13      22   -12   -12      56    28     8   -11   -13    -4   -18  -161 1939
1940    13    18     9      11    28    -7     100    -2    -9    28    29     3   -20    -6 1940

                           24N   24S   90S     64N   44N   24N   EQU   24S   44S   64S   90S
Year  Glob  NHem  SHem    -90N  -24N  -24S    -90N  -64N  -44N  -24N  -EQU  -24S  -44S  -64S Year
1941    19    23    17       1    49    -5       0   -10     8    55    44     4   -15   -48 1941
1942     7    13     1      13     8    -1      72    -7     6    12     3     6    -5   -91 1942
1943     9    18    -1      37    -8     4     141    28    11   -10    -6     7     0   113 1943
1944    21    27    14      38    19     5     117    47    10    12    26    18    -9   -95 1944
1945     9    11     9      11    17    -3      63    -3     4    11    24     3     0  -179 1945
1946    -7     3   -17       6    -4   -24      -3    -5    17    -2    -7   -22   -24   -19 1946
1947    -2     8   -13      16    -6   -16     107   -13     5    -2    -9   -19    -8   -23 1947
1948   -11    -1   -19      13   -18   -24      11    31     1   -22   -13   -19   -19  -139 1948
1949   -11    -3   -19      11   -19   -23      20    17     5   -23   -14   -18   -15  -199 1949
1950   -17   -15   -20      -5   -29   -14      19   -31     4   -30   -27    -6   -16   -87 1950
1951    -7     5   -18       8    -6   -23       8     1    12     0   -12   -22   -16   -70 1951
1952     1     6    -3      11     2    -9      27   -10    19    -1     5   -10    -2   -51 1952
1953     8    24    -8      35     7   -18     102    35    14     8     6    -8   -24  -111 1953
1954   -13    -2   -25       7   -21   -22      80   -21     1   -14   -29   -18   -20   -82 1954
1955   -14    -9   -20       4   -34    -6     -25   -11    23   -29   -38   -16    -8   122 1955
1956   -19   -23   -16     -20   -33     0       1   -48    -8   -29   -38   -14     2    76 1956
1957     5     4     6       3     8     2       9    22   -11     6    10    -9    -2    49 1957
1958     6    15    -3       8    20   -15     -17    14    12    26    15    -9    -8   -53 1958
1959     3    12    -6      16     7   -16      49    18     4     7     8    -3   -26   -36 1959
1960    -3     8   -13       9     2   -20      33    -7    11     6    -3   -10    -7   -75 1960

                           24N   24S   90S     64N   44N   24N   EQU   24S   44S   64S   90S
Year  Glob  NHem  SHem    -90N  -24N  -24S    -90N  -64N  -44N  -24N  -EQU  -24S  -44S  -64S Year
1961     6     9     3      19    -3     5     -15    38    18    -7     0    14   -17    21 1961
1962     3    13    -6      24    -5    -8      44    31    14    -4    -5     9    -7   -65 1962
1963     5    14    -3      14    12   -12     -16    31    13    14    10   -10   -17    -3 1963
1964   -20   -19   -20     -23   -14   -24     -66   -20   -12   -14   -14   -30    -7   -38 1964
1965   -11   -14    -7     -18    -3   -13     -28   -24   -12    -8     2   -23    -3     0 1965
1966    -6    -2    -9     -14     8   -15     -76   -19     9    16    -1   -24   -14    11 1966
1967    -2     3    -8      12   -14    -1      36    26    -5   -11   -17    -9    -2    30 1967
1968    -8    -7    -9     -11    -7    -8     -33    -2    -9    -2   -11   -14     0    -7 1968
1969     5    -3    14     -29    33     2      -4   -61   -17    35    32     0    13   -14 1969
1970     3    -4     9     -11     7    11     -21   -13    -6     7     7    11     3    31 1970
1971    -8   -15    -2      -6   -26    13      -8     1   -10   -29   -22     3    16    44 1971
1972     1   -17    19     -34    16    14     -36   -47   -24     6    26    16    -2    45 1972
1973    16     9    23      11    19    18       7    27     2     8    29    22     7    34 1973
1974    -7   -18     3     -14   -20    18     -19    -7   -18   -23   -17    21    -9    65 1974
1975    -1    -5     2      12   -24    16      10    39    -5   -31   -17    13    14    29 1975
1976   -10   -21     1     -26   -11     9      -7   -32   -28   -13   -10    10    22   -24 1976
1977    18    12    24      13    16    25      16    24     6    10    22    22    31    28 1977
1978     7     2    11      -4     8    16     -16     4    -4    10     5    21    13     4 1978
1979    16     8    25      -3    26    23     -60     7     9    25    27    30    33   -20 1979
1980    26    17    35       6    31    39      26     2     2    32    29    35    37    59 1980

                           24N   24S   90S     64N   44N   24N   EQU   24S   44S   64S   90S
Year  Glob  NHem  SHem    -90N  -24N  -24S    -90N  -64N  -44N  -24N  -EQU  -24S  -44S  -64S Year
1981    32    37    27      48    18    36     110    79     8    22    15    29    38    61 1981
1982    14     5    23      -8    27    18     -39    10    -8    25    29    19    32   -11 1982
1983    31    25    38      22    43    24      19    69    -7    29    58    21    41     5 1983
1984    16     4    28       2    19    26      37     8   -14     7    30    16    32    51 1984
1985    12     0    24      -3     9    30      39   -26    -2     4    14    30    44     4 1985
1986    18    13    23      11    23    20       1    28     3    18    28    25    25   -10 1986
1987    32    25    41       4    59    25     -36    13    12    55    62    32    25     0 1987
1988    39    37    41      40    38    39      60    57    24    33    43    38    20    88 1988
1989    27    27    28      41    13    34      33    69    25     7    19    36    30    36 1989
1990    45    53    37      63    37    37      59    88    48    38    36    37    37    36 1990
1991    40    41    40      47    36    39      76    66    26    32    41    31    29    95 1991
1992    22    14    31       9    28    27     -16    44    -4    20    37    20    33    40 1992
1993    23    19    28      13    32    22      55    29   -11    29    35    27    39   -31 1993
1994    32    37    26      43    31    20      35    50    41    28    34    26    23    -4 1994
1995    45    58    31      70    43    22     132    98    31    41    44    29    15    14 1995
1996    33    26    39      23    32    43      77    17    10    31    32    33    28   119 1996
1997    46    52    41      53    51    33      77    90    22    50    52    42    36    -3 1997
1998    61    71    51      78    69    32      86    94    65    60    79    39    31    11 1998
1999    38    48    28      70    21    30      41    80    73    16    25    47    19     0 1999
2000    39    50    29      70    25    29      97    80    55    21    28    42    10    26 2000

                           24N   24S   90S     64N   44N   24N   EQU   24S   44S   64S   90S
Year  Glob  NHem  SHem    -90N  -24N  -24S    -90N  -64N  -44N  -24N  -EQU  -24S  -44S  -64S Year
2001    54    64    43      80    42    42     107    86    68    40    44    59    24    26 2001
2002    63    71    54      83    60    47     125   100    58    55    64    50    31    74 2002
2003    62    75    49      84    64    37     150    98    54    62    67    45    24    38 2003
2004    53    66    41      72    55    32      47    95    66    57    54    48    23    -5 2004
2005    68    86    50     101    62    42     198   122    57    63    62    49    18    65 2005
2006    64    82    46      98    56    40     173   106    70    57    55    52    19    41 2006
2007    67    85    47     113    47    47     211   132    69    45    48    50     7   122 2007
2008    54    68    41      92    38    39     153   108    62    34    42    53     9    58 2008
2009    66    73    59      78    68    51     142    60    68    65    71    61    15    95 2009
2010    73    90    55     102    69    48     222    86    74    72    65    64    20    50 2010
2011    61    75    48      98    37    56     235    94    58    39    35    64    18   110 2011
2012    65    81    49     104    53    42     221    93    74    48    58    57    19    42 2012
2013    68    80    56      95    58    54     154   104    69    58    58    63    22    86 2013
2014    75    92    58     107    67    52     203   114    73    69    65    73    18    55 2014
2015    90   118    63     132    96    41     200   148    99    97    94    76    18   -30 2015
2016   102   131    73     154   101    49     324   143   107    96   107    68    25    40 2016
2017    92   118    67     139    82    60     250   138   104    87    77    76    35    55 2017
2018    85   103    67     124    68    69     213   109   105    73    63    80    37    97 2018
2019    98   121    75     142    90    65     270   143    99    91    89    75    39    86 2019
2020   102   135    69     167    86    58     290   182   119    89    84    59    39    92 2020

                           24N   24S   90S     64N   44N   24N   EQU   24S   44S   64S   90S
Year  Glob  NHem  SHem    -90N  -24N  -24S    -90N  -64N  -44N  -24N  -EQU  -24S  -44S  -64S Year
2021    85   114    56     142    66    53     204   136   126    73    59    73    32    31 2021
2022    90   116    63     152    57    71     233   151   127    63    51    79    39   112 2022
Year  Glob  NHem  SHem     24N   24S   90S     64N   44N   24N   EQU   24S   44S   64S   90S Year
                          -90N  -24N  -24S    -90N  -64N  -44N  -24N  -EQU  -24S  -44S  -64S